    7
    7
    6
    7
    7
    6
    5
    6
    6
    6
    6
    6
    6
    6
    5
    6
    6
    2
    3
    3
    3
    3
    4
    4
    3
    3
    4
    3
    3
    3
    3
    3
    5
    3
    3
    3
    3
    3
    3
    3
    4
    4
    4
    4
    4
    3
    5
    4
    3
    4
    4
    3
    4
    5
    5
    5
    4
    4
    5
    5
    5
    5
    5
    5
    4
    5
    5
    5
    5
    5
    5
    5
    4
    5
    5
    6
    6
    7
    6
    6
    6
    7
    8
    7
    8
    8
    9
    8
    9
    9
   10
   10
   12
   13
   15
   15
   18
   21
   24
   29
   37
   52
   89
  305
  200
   74
   45
   32
   25
   20
   16
   15
   12
   11
   10
    8
    8
    8
    7
    6
    5
    5
    6
    4
    4
    4
    4
    3
    4
    3
    3
    3
    3
    2
    3
    3
    3
    3
    2
    2
    1
    2
    2
    3
    2
    2
    1
    1
    1
    1
    2
    1
    1
    1
    2
    2
    1
    2
    0
    1
    2
    1
    1
    1
    2
    2
    1
    1
    1
    2
    0
    1
    1
    2
    1
    2
    1
    1
    2
    2
    2
    2
    2
    2
    3
    2
    2
    3
    4
    3
    4
    4
    4
    5
    4
    5
    7
    7
    8
   10
   12
   14
   19
   25
   40
   91
  375
   63
   35
   26
   19
   15
   13
   11
   10
    9
    9
    8
    7
    7
    6
    7
    6
    6
    6
    6
    5
    4
    5
    5
    4
    4
    3
    3
    4
    4
    4
    3
    3
    2
    4
    3
    3
    3
    3
    3
    2
    2
    3
    2
    2
    2
    2
    1
    2
    3
    2
    1
    1
    1
    0
    1
    0
    1
    0
    1
    1
    1
    1
    1
    0
    1
    1
    1
    1
    1
    2
    1
    2
    1
    1
    1
    2
    1
    3
    2
    2
    2
    3
    3
    3
    3
    4
    4
    4
    4
    6
    5
    6
    7
    9
   10
   11
   13
   17
   23
   33
   61
  373
   94
   43
   27
   20
   17
   15
   12
   10
    9
    9
    7
    7
    7
    6
    6
    5
    6
    4
    4
    4
    4
    3
    3
    4
    2
    3
    3
    3
    2
    3
    2
    3
    2
    2
    2
    2
    2
    1
    1
    2
    1
    1
    2
    1
    2
    1
    2
    2
    2
    2
    1
    1
    1
    1
    1
    1
    1
    1
    1
    1
    0
    1
    1
    1
    0
    0
    0
    0
    0
    1
    0
    2
    1
    1
    1
    0
    0
    0
    1
    0
    0
    0
    0
    0
    0
    1
    1
    0
    1
    0
    0
    0
    0
    0
    0
    1
    0
    0
    0
    0
    1
    0
    1
    1
    0
    0
    0
    1
    0
    0
    0
    1
    0
    0
    0
    1
    0
    0
    1
    0
    1
    1
    2
    1
    0
    1
    0
    1
    0
    1
    1
    1
    1
    1
    0
    1
    0
    0
    0
    1
    0
    1
    1
    1
    0
    1
    1
    1
    1
    0
    1
    1
    0
    1
    1
    1
    1
    1
    0
    0
    1
    1
    1
    1
    1
    1
    1
    1
    0
    1
    1
    1
    1
    1
    1
    1
    1
    2
    1
    0
    1
    0
    1
    1
    1
    0
    0
    1
    0
    1
    0
    1
    1
    1
    0
    2
    0
    0
    1
    1
    1
    1
    1
    1
    0
    1
    2
    1
    1
    0
    0
    1
    1
    0
    0
    0
    1
    0
    1
    0
    1
    2
    0
    0
    0
    1
    0
    1
    0
    0
    0
    0
    0
    0
    1
    0
    1
    1
    0
    0
    0
    1
    1
    0
    0
    1
    0
    0
    0
    0
    0
    1
    0
    1
    1
    1
    0
    0
    0
    0
    1
    0
    0
    0
    0
    0
    0
    0
    0
    0
    0
    0
    0
    0
    0
    1
    0
    0
    0
    1
    0
    0
    0
    0
    1
    1
    0
    1
    0
    1
    0
    1
    0
    0
    0
    0
    0
    0
    0
    0
    1
    0
    0
    1
    1
    1
    2
    0
    0
    1
    1
    1
    1
    1
    0
    1
    1
    1
    0
    1
    0
    1
    1
    1
    1
    1
    0
    0
    0
    0
    0
    0
    1
    1
    1
    1
    1
    0
    1
    0
    0
    1
    0
    1
    0
    2
    0
    1
    0
    1
    2
    1
    1
    1
    1
    1
    1
    0
    0
    1
    0
    1
    0
    2
    1
    1
    0
    0
    2
    2
    0
    0
    1
    1
    2
    1
    0
    1
    1
    1
    1
    0
    1
    1
    1
    1
    1
    2
    1
    2
    1
    0
    1
    1
    1
    1
    1
    1
    2
    1
    1
    1
    1
    1
    1
    0
    2
    0
    0
    1
    1
    1
    1
    0
    0
    1
    1
    1
    1
    0
    1
    1
    0
    1
    1
    0
    1
    1
    1
    0
    0
    2
    0
    0
    2
    0
    1
    0
    1
    0
    2
    1
    0
    1
    1
    1
    0
    1
    0
    1
    1
    0
    0
    0
    1
    1
    0
    1
    1
    1
    1
    0
    1
    1
    0
    0
    1
    0
    1
    1
    0
    1
    1
    0
    0
    1
    0
    0
    0
    0
    0
    0
    0
    0
    1
    1
    0
    0
    1
    0
    0
    0
    0
    1
    0
    0
    0
    0
    1
    0
    1
    1
    0
    0
    1
    0
    0
    1
    1
    0
    0
    0
    0
    0
    1
    1
    1
    0
    0
    0
    0
    0
    0
    0
    0
    0
    0
    1
    0
    0
    0
    0
    0
    0
    1
    0
    0
    1
    1
    1
    1
    0
    0
    0
    1
    1
    0
    0
    0
    1
    1
    1
    1
    1
    0
    0
    0
    0
    0
    0
    1
    0
    1
    0
    1
    1
    0
    0
    0
    1
    1
    0
    1
    1
    1
    0
    2
    1
    1
    1
    0
    1
    1
    1
    1
    1
    1
    1
    1
    1
    1
    1
    1
    1
    1
    1
    1
    0
    0
    1
    0
    1
    1
    1
    1
    1
    1
    2
    1
    1
    0
    1
    0
    1
    1
    1
    1
    1
    1
    1
    1
    0
    0
    1
    1
    1
    0
    1
    0
    1
    1
    1
    1
    0
    1
    0
    1
    0
    1
    1
    1
    1
    0
    0
    0
    0
    0
    0
    1
    1
    1
    1
    0
    1
    1
    0
    0
    1
    1
    1
    1
    0
    0
    0
    0
    1
    0
    1
    0
    0
    0
    1
    1
    0
    0
    0
    1
    1
    1
    1
    0
    0
    0
    1
    1
    0
    0
    1
    1
    0
    1
    0
    0
    0
    0
    0
    0
    0
    1
    0
    0
    1
    0
    0
    0
    1
    1
    0
    1
    1
    0
    1
    1
    1
    0
    1
    7
    6
    7
    7
    6
    5
    6
    6
    6
    6
    6
    6
    6
    5
    6
    6
    2
    3
    3
    3
    3
    4
    4
    3
    3
    4
    3
    3
    3
    3
    3
    5
    3
    3
    3
    3
    3
    3
    3
    4
    4
    4
    4
    4
    3
    5
    4
    3
    4
    4
    3
    4
    5
    5
    5
    4
    4
    5
    5
    5
    5
    5
    5
    4
    5
    5
    5
    5
    5
    5
    5
    4
    5
    5
    6
    6
    7
    6
    6
    6
    7
    8
    7
    8
    8
    9
    8
    9
    9
   10
   10
   12
   13
   15
   15
   18
   21
   24
   29
   37
   52
   89
  305
  200
   74
   45
   32
   25
   20
   16
   15
   12
   11
   10
    8
    8
    8
    7
    6
    5
    5
    6
    4
    4
    4
    4
    3
    4
    3
    3
    3
    3
    2
    3
    3
    3
    3
    2
    2
    1
    2
    2
    3
    2
    2
    1
    1
    1
    1
    2
    1
    1
    1
    2
    2
    1
    2
    0
    1
    2
    1
    1
    1
    2
    2
    1
    1
    1
    2
    0
    1
    1
    2
    1
    2
    1
    1
    2
    2
    2
    2
    2
    2
    3
    2
    2
    3
    4
    3
    4
    4
    4
    5
    4
    5
    7
    7
    8
   10
   12
   14
   19
   25
   40
   91
  375
   63
   35
   26
   19
   15
   13
   11
   10
    9
    9
    8
    7
    7
    6
    7
    6
    6
    6
    6
    5
    4
    5
    5
    4
    4
    3
    3
    4
    4
    4
    3
    3
    2
    4
    3
    3
    3
    3
    3
    2
    2
    3
    2
    2
    2
    2
    1
    2
    3
    2
    1
    1
    1
    0
    1
    0
    1
    0
    1
    1
    1
    1
    1
    0
    1
    1
    1
    1
    1
    2
    1
    2
    1
    1
    1
    2
    1
    3
    2
    2
    2
    3
    3
    3
    3
    4
    4
    4
    4
    6
    5
    6
    7
    9
   10
   11
   13
   17
   23
   33
   61
  373
   94
   43
   27
   20
   17
   15
   12
   10
    9
    9
    7
    7
    7
    6
    6
    5
    6
    4
    4
    4
    4
    3
    3
    4
    2
    3
    3
    3
    2
    3
    2
    3
    2
    2
    2
    2
    2
    1
    1
    2
    1
    1
    2
    1
    2
    1
    2
    2
    2
    2
    1
    1
    1
    1
    1
    1
    1
    1
    1
    1
    0
    1
    1
    1
    0
    0
    0
    0
    0
    1
    0
    2
    1
    1
    1
    0
    0
    0
    1
    0
    0
    0
    0
    0
    0
    1
    1
    0
    1
    0
    0
    0
    0
    0
    0
    1
    0
    0
    0
    0
    1
    0
    1
    1
    0
    0
    0
    1
    0
    0
    0
    1
    0
    0
    0
    1
    0
    0
    1
    0
    1
    1
    2
    1
    0
    1
    0
    1
    0
    1
    1
    1
    1
    1
    0
    1
    0
    0
    0
    1
    0
    1
    1
    1
    0
    1
    1
    1
    1
    0
    1
    1
    0
    1
    1
    1
    1
    1
    0
    0
    1
    1
    1
    1
    1
    1
    1
    1
    0
    1
    1
    1
    1
    1
    1
    1
    1
    2
    1
    0
    1
    0
    1
    1
    1
    0
    0
    1
    0
    1
    0
    1
    1
    1
    0
    2
    0
    0
    1
    1
    1
    1
    1
    1
    0
    1
    2
    1
    1
    0
    0
    1
    1
    0
    0
    0
    1
    0
    1
    0
    1
    2
    0
    0
    0
    1
    0
    1
    0
    0
    0
    0
    0
    0
    1
    0
    1
    1
    0
    0
    0
    1
    1
    0
    0
    1
    0
    0
    0
    0
    0
    1
    0
    1
    1
    1
    0
    0
    0
    0
    1
    0
    0
    0
    0
    0
    0
    0
    0
    0
    0
    0
    0
    0
    0
    1
    0
    0
    0
    1
    0
    0
    0
    0
    1
    1
    0
    1
    0
    1
    0
    1
    0
    0
    0
    0
    0
    0
    0
    0
    1
    0
    0
    1
    1
    1
    2
    0
    0
    1
    1
    1
    1
    1
    0
    1
    1
    1
    0
    1
    0
    1
    1
    1
    1
    1
    0
    0
    0
    0
    0
    0
    1
    1
    1
    1
    1
    0
    1
    0
    0
    1
    0
    1
    0
    2
    0
    1
    0
    1
    2
    1
    1
    1
    1
    1
    1
    0
    0
    1
    0
    1
    0
    2
    1
    1
    0
    0
    2
    2
    0
    0
    1
    1
    2
    1
    0
    1
    1
    1
    1
    0
    1
    1
    1
    1
    1
    2
    1
    2
    1
    0
    1
    1
    1
    1
    1
    1
    2
    1
    1
    1
    1
    1
    1
    0
    2
    0
    0
    1
    1
    1
    1
    0
    0
    1
    1
    1
    1
    0
    1
    1
    0
    1
    1
    0
    1
    1
    1
    0
    0
    2
    0
    0
    2
    0
    1
    0
    1
    0
    2
    1
    0
    1
    1
    1
    0
    1
    0
    1
    1
    0
    0
    0
    1
    1
    0
    1
    1
    1
    1
    0
    1
    1
    0
    0
    1
    0
    1
    1
    0
    1
    1
    0
    0
    1
    0
    0
    0
    0
    0
    0
    0
    0
    1
    1
    0
    0
    1
    0
    0
    0
    0
    1
    0
    0
    0
    0
    1
    0
    1
    1
    0
    0
    1
    0
    0
    1
    1
    0
    0
    0
    0
    0
    1
    1
    1
    0
    0
    0
    0
    0
    0
    0
    0
    0
    0
    1
    0
    0
    0
    0
    0
    0
    1
    0
    0
    1
    1
    1
    1
    0
    0
    0
    1
    1
    0
    0
    0
    1
    1
    1
    1
    1
    0
    0
    0
    0
    0
    0
    1
    0
    1
    0
    1
    1
    0
    0
    0
    1
    1
    0
    1
    1
    1
    0
    2
    1
    1
    1
    0
    1
    1
    1
    1
    1
    1
    1
    1
    1
    1
    1
    1
    1
    1
    1
    1
    0
    0
    1
    0
    1
    1
    1
    1
    1
    1
    2
    1
    1
    0
    1
    0
    1
    1
    1
    1
    1
    1
    1
    1
    0
    0
    1
    1
    1
    0
    1
    0
    1
    1
    1
    1
    0
    1
    0
    1
    0
    1
    1
    1
    1
    0
    0
    0
    0
    0
    0
    1
    1
    1
    1
    0
    1
    1
    0
    0
    1
    1
    1
    1
    0
    0
    0
    0
    1
    0
    1
    0
    0
    0
    1
    1
    0
    0
    0
    1
    1
    1
    1
    0
    0
    0
    1
    1
    0
    0
    1
    1
    0
    1
    0
    0
    0
    0
    0
    0
    0
    1
    0
    0
    1
    0
    0
    0
    1
    1
    0
    1
    1
    0
    1
    1
    1
    0
    1
