65486 64857
65355 65454
65353 65453
65359 65456
65446    19
65434    21
65440    29
65433    23
65438    24
65432    39
65433    27
65432    33
65432    33
65420    36
65427    48
65413    39
65441    70
65438    75
65441    74
65429    79
65427    86
65424    90
65421    94
65418    96
65414   100
65422   102
65398   108
65391    99
65407   118
65395   134
65394   122
65399   137
65390   135
65390   139
65390   146
65380   154
65374   159
65372   160
65367   171
65370   177
65362   185
65357   186
65347   198
65347   206
65346   208
65345   223
65339   229
65323   239
65325   244
65312   256
65313   269
65310   275
65302   289
65290   296
65280   302
65287   324
65273   335
65275   355
65268   357
65256   372
65250   392
65244   411
65244   427
65228   440
65224   464
65224   481
65204   500
65193   522
65186   552
65176   575
65171   599
65152   630
65148   661
65134   702
65111   724
65091   765
65086   808
65067   854
65046   890
65030   933
65009   999
64993  1050
64973  1132
64926  1203
64907  1285
64874  1374
64837  1467
64798  1589
64757  1724
64685  1864
64637  2057
64570  2263
64484  2509
64382  2798
64253  3184
64095  3653
63891  4276
63606  5132
63200  6371
62552  8336
61366 11948
58482 20717
41227  7847
15955 16058
 5885 46765
 3557 53866
 2519 57008
 1938 58785
 1554 59928
 1301 60723
 1100 61311
  946 61767
  825 62118
  719 62411
  641 62640
  581 62846
  517 63015
  461 63169
  413 63289
  379 63408
  338 63502
  306 63590
  272 63674
  244 63746
  221 63806
  196 63865
  170 63913
  153 63974
  137 64015
  118 64059
  113 64094
   87 64133
   68 64163
   59 64196
   35 64235
   29 64255
   12 64276
65528 64301
65518 64316
65503 64342
65499 64356
65488 64370
65468 64398
65464 64406
65448 64428
65429 64454
65425 64455
65417 64465
65403 64480
65396 64477
65393 64497
65366 64512
65353 64519
65343 64516
65336 64535
65327 64537
65316 64544
65302 64556
65298 64545
65276 64561
65266 64565
65253 64568
65239 64572
65222 64567
65217 64574
65203 64570
65181 64581
65169 64594
65152 64580
65160 64579
65128 64579
65107 64567
65083 64572
65073 64567
65056 64567
65049 64559
65005 64547
64987 64543
64958 64536
64930 64517
64906 64511
64870 64502
64850 64487
64796 64466
64766 64442
64741 64428
64682 64406
64635 64367
64578 64338
64503 64298
64451 64255
64363 64195
64275 64146
64173 64071
64039 63984
63896 63899
63712 63767
63482 63604
63190 63398
62795 63126
62234 62717
61380 62098
59929 61038
56853 58817
46102 50982
11732 55941
12793  8951
 6929  4689
 4728  3087
 3575  2249
 2869  1740
 2388  1397
 2029  1145
 1764   956
 1554   822
 1387   702
 1250   602
 1127   532
 1028   467
  947   399
  867   352
  802   314
  743   274
  693   253
  638   215
  597   194
  560   166
  518   155
  484   131
  448   116
  411   104
  396    83
  374    81
  344    62
  333    55
  306    59
  279    42
  262    27
  239    27
  218    29
  205    17
  187    12
  162    16
  148     8
  142     2
  120     2
  116     8
   92 65532
   78 65535
   66     7
   56 65534
   40     9
   26     0
   22 65529
    1     5
65533     7
65509     4
65493     6
65487     9
65471    10
65457    14
65448    17
65439    26
65415    27
65404    30
65398    35
65376    40
65363    42
65345    58
65333    65
65312    61
65293    75
65280    81
65266    79
65246   101
65224   106
65204   119
65184   136
65163   140
65142   158
65117   175
65090   182
65070   202
65039   219
65005   242
64969   268
64936   292
64897   315
64849   346
64809   382
64755   411
64698   446
64628   497
64558   554
64463   613
64368   687
64248   763
64119   866
63946   981
63735  1140
63470  1322
63120  1572
62630  1928
61921  2441
60764  3279
58569  4875
52689  9141
53614 56043
19445 51230
 8675 59049
 5597 61283
 4151 62338
 3284 62952
 2731 63365
 2334 63639
 2053 63859
 1811 64025
 1620 64155
 1481 64262
 1357 64357
 1249 64427
 1163 64494
 1087 64547
 1016 64597
  954 64642
  906 64679
  849 64711
  796 64750
  771 64774
  743 64785
  695 64826
  677 64845
  641 64861
  615 64876
  601 64903
  572 64915
  549 64929
  529 64944
  508 64961
  487 64970
  480 64984
  460 64994
  442 65014
  425 65020
  417 65022
  410 65029
  397 65043
  380 65047
  372 65057
  372 65070
  351 65076
  343 65079
  330 65083
  319 65085
  319 65100
  305 65101
  303 65107
  287 65118
  279 65113
  282 65125
  273 65129
  268 65131
  256 65139
  252 65141
  243 65147
  234 65148
  229 65166
  216 65159
  223 65166
  213 65163
  213 65174
  199 65178
  197 65177
  205 65183
  195 65189
  177 65194
  182 65192
  172 65198
  172 65200
  162 65204
  166 65211
  161 65208
  163 65218
  164 65219
  151 65221
  154 65221
  140 65233
  142 65224
  135 65232
  139 65232
  133 65237
  127 65245
  126 65242
  126 65247
  117 65251
  112 65253
  112 65259
  105 65253
  100 65264
  112 65262
  102 65264
  105 65268
  101 65271
   88 65266
   94 65271
   85 65278
   86 65276
   76 65282
   72 65282
   42 65281
  141 65312
   91 65299
   87 65295
   77 65297
   81 65306
   69 65308
   73 65302
   72 65303
   73 65314
   71 65310
   67 65312
   68 65311
   47 65313
   69 65316
   61 65317
   56 65325
   63 65324
   48 65326
   50 65327
   48 65332
   48 65337
   49 65335
   45 65333
   46 65336
   44 65338
   38 65345
   35 65340
   35 65339
   34 65335
   29 65339
   31 65351
   30 65355
   27 65355
   36 65350
   27 65355
   17 65360
   19 65353
   28 65358
   24 65361
   32 65370
   20 65365
   29 65364
   20 65369
   23 65373
   21 65367
   10 65375
   18 65377
   13 65379
   21 65382
   14 65374
   17 65381
   10 65383
   11 65381
   14 65392
    9 65388
   17 65393
    3 65396
   11 65400
    9 65395
   11 65389
    6 65400
   11 65396
    6 65402
    0 65403
    1 65402
    1 65407
65535 65402
    3 65413
    4 65417
    5 65403
    0 65411
65533 65416
65535 65419
65530 65421
65531 65420
65533 65419
65534 65413
    7 65424
65529 65424
65528 65424
    6 65428
65529 65438
65532 65433
65526 65439
65526 65430
    0 65429
65528 65434
65524 65437
65522 65440
65526 65442
65532 65442
65523 65437
65533 65445
65531 65441
65525 65442
65530 65445
65533 65447
65527 65446
65523 65451
65521 65454
65514 65460
65518 65454
65524    21
65529 65452
65531 65463
65521 65454
65522 65457
65530 65465
65522 65465
65519 65461
65520 65466
65522 65469
65521 65469
65528 65475
65522 65469
65524 65474
65517 65468
65525 65471
65523 65474
65528 65481
65515 65478
65521 65477
65521 65474
65526 65480
65521 65486
65522 65488
65530 65486
65516 65484
65528 65490
65527 65495
65525 65488
65517 65496
65530 65490
65517 65483
65526 65493
65524 65487
65528 65502
65522 65500
65524 65497
65514 65506
    5 65509
65520 65499
65524 65503
65533 65514
65519 65512
65523 65506
65522 65504
65529 65513
65525 65505
65531 65519
65525 65510
65534 65508
65525 65513
65524 65517
65530 65511
65528 65512
65530 65510
65535 65520
65527 65519
65525 65513
65534 65519
65534 65524
65528 65520
65532 65527
65534 65519
65532 65526
65530 65524
65532 65519
65528 65526
65533     0
65532 65526
65526     1
65535 65519
65528 65530
65530 65533
    2     8
    3 65528
65529     3
65532 65532
    5     0
65526     0
    2 65533
    1     3
    3     8
65533     2
65534     5
    1     5
   10    10
    3     7
    0     5
    3    10
    7    12
    3    19
    4    13
    6    11
    0    24
    7    10
   11    17
    1    16
    2    14
    2    23
    2    24
65530    30
65522    27
65477    85
   61 65498
   31 65535
   25    16
    9     0
   16    11
   16    16
   19    19
   20    13
   24    25
   17    18
   25    21
   25    24
   23    24
   21    19
   19    27
   19    35
   15    32
   20    28
   22    22
   26    28
   26    28
   23    26
   20    31
   30    39
   17    24
   23    29
   18    27
   33    28
   29    29
   26    35
   35    28
   25    25
   31    29
   28    36
   32    37
   22    38
   31    36
   31    34
   26    34
   28    42
   32    30
   34    38
   35    36
   37    31
   47    37
   29    40
   36    47
   43    37
   44    38
   39    39
   41    48
   28    41
   41    47
   42    40
   40    36
   36    33
   38    29
   40    41
   43    48
   43    52
   50    45
   41    46
   49    46
   49    49
   53    50
   46    44
   46    45
   36    53
   41    43
   53    48
   51    55
   44    39
   55    49
   49    47
   51    49
   50    48
   56    51
   58    53
   48    38
   58    47
   64    44
   58    48
   49    54
   52    42
   65    47
   56    50
   55    46
   53    45
   63    49
   59    48
   57    53
   67    50
   60    57
   60    47
   68    52
   64    50
   67    48
   64    55
   72    52
   63    52
   63    57
   60    54
   90    27
   67    45
   67    41
   70    47
   75    41
   75    46
   64    51
   69    49
   70    44
   70    38
   81    52
   68    48
   71    46
   74    51
   75    47
   71    44
   68    46
   87    40
   81    41
   76    49
   81    50
   76    48
   86    43
   74    47
   76    46
   67    42
   76    49
   82    43
   72    38
   87    55
   84    51
   81    46
   84    49
   87    41
   86    53
   85    47
   85    52
   84    54
   80    48
   80    48
   88    48
   88    42
   92    46
   86    45
   90    43
   88    40
   92    43
   88    44
   92    45
   85    43
   83    39
   89    42
   91    40
   93    47
   89    44
   87    42
  100    49
   91    40
   97    49
   90    40
   96    41
   94    32
   97    34
   93    40
   99    41
   92    51
  101    47
   96    39
   88    37
   94    39
   90    42
  100    37
   94    38
  103    48
  102    30
   99    35
   92    36
  104    32
  107    31
   99    36
   99    34
  108    36
   99    29
  103    34
  101    36
  103    33
  100    28
  102    31
  112    36
  105    27
   98    29
  106    33
  115    42
  112    29
  111    24
  106    34
  106    32
  114    30
  109    33
  114    31
  121    45
  137    33
  312    65
   51    18
   87    15
   89    25
   95    22
   96    18
   97    23
  100    21
  101    29
  103    23
  100    19
   97    16
   91    29
  101    21
  105    22
  101    15
   94    25
  104    20
   96    17
   97    27
  104    22
  103    20
   93    29
  115    22
   99    11
  101    15
  101    18
  107    15
  104    11
  101    13
  103    18
  106    29
  109    14
  104    18
  104    18
   98     4
   93    18
  103     8
  110     7
  103    17
   98    13
  102    11
  102    12
   97    10
  111    15
  102     9
  101     1
   87    14
  101    15
  101    11
  101     6
   93     3
  106 65535
  103     3
   90    11
  100 65533
   90 65535
  103     9
  102 65534
   99     2
   98     9
   95     2
  103 65533
  101     2
   97     0
   93     1
  107     1
   93 65535
   93     6
  100     2
   92     2
   90 65534
   92     2
   90 65533
   87 65528
   93 65530
   86 65531
   89 65531
   90 65533
   90 65529
   86 65522
   91 65526
   79 65528
   83 65527
   85 65527
   86 65526
   82 65535
   87 65531
   94 65529
   86 65527
   77 65527
   80 65532
   84 65518
   76 65526
   79 65522
   69 65527
   64 65528
   70 65525
   71 65518
   54 65526
   50 65524
   24 65524
65478 65519
  291 65528
  149 65529
  111 65525
   97 65523
   97 65512
   81     2
   89 65524
   88 65525
   85 65514
   85 65526
   87 65524
   76     1
   79 65521
   73 65512
   77 65527
   70 65523
   81 65516
   72 65532
   74 65521
   72 65514
   68 65517
   67 65521
   69 65521
   52 65516
   76 65530
   72 65515
   65 65520
   59 65521
   66 65523
   59 65523
   61 65519
   56 65523
   59 65517
   56 65524
   55 65521
   57 65520
   49 65531
   58 65526
   50 65521
   50 65526
   42 65517
   51 65520
   48 65525
   43 65531
   49 65521
   44 65519
   36 65519
   43 65523
   39 65532
   42 65528
   37 65527
   36 65525
   33 65527
   42 65526
   29 65526
   33     1
   37 65526
   25 65528
   25 65527
   27 65527
   22     0
   29 65530
   20 65528
   22 65523
   21 65520
   13 65523
   11 65534
   23     3
   18 65533
    5 65531
   10 65533
    1 65532
   13     3
    2     1
    3     2
    7 65535
    0     9
65533 65532
65531    12
65532    12
65530    14
65529 65532
65528    11
65528    13
65524    10
65524     9
65518    14
65512    11
65516    18
65506    22
65514    16
65509    21
65495    25
65509    13
65503    22
65506    21
65499    39
65505    34
65495    33
65493    28
65496    32
65486    48
65436 65200
65305   262
65305   261
65311   266
65398   365
65386   368
65394   377
65387   373
65393   373
65387   389
65390   377
65389   385
65389   385
65378   389
65386   402
65372   394
65401   426
65398   432
65403   430
65392   437
65389   444
65386   449
65385   454
65382   458
65380   461
65388   464
65365   470
65359   462
65375   482
65363   499
65364   488
65369   503
65361   502
65361   506
65363   513
65353   523
65347   528
65345   530
65343   542
65346   549
65339   556
65335   558
65326   570
65326   580
65325   582
65325   598
65321   605
65305   615
65308   621
65295   634
65298   646
65296   654
65287   669
65276   676
65268   682
65276   707
65262   717
65265   737
65260   739
65248   755
65242   776
65237   796
65239   812
65223   826
65220   850
65220   868
65202   886
65192   910
65185   940
65176   964
65172   988
65154  1021
65151  1051
65137  1093
65116  1114
65097  1156
65092  1199
65075  1246
65055  1282
65038  1327
65019  1393
65003  1445
64985  1526
64940  1598
64920  1680
64887  1770
64852  1863
64814  1987
64774  2120
64703  2262
64656  2454
64590  2661
64504  2907
64403  3197
64276  3584
64118  4052
63915  4676
63631  5533
63227  6770
62579  8737
61394 12349
58509 21119
41257  8249
15986 16461
 5917 47166
 3590 54268
 2553 57410
 1972 59189
 1588 60331
 1337 61127
 1138 61716
  984 62171
  864 62522
  759 62816
  682 63044
  624 63251
  559 63422
  505 63576
  458 63695
  426 63816
  385 63909
  354 63996
  321 64080
  294 64153
  271 64213
  248 64273
  224 64320
  207 64382
  191 64423
  173 64468
  170 64502
  145 64542
  126 64572
  118 64605
   96 64643
   92 64665
   75 64684
   56 64711
   47 64724
   33 64751
   29 64766
   19 64780
    1 64808
65534 64817
65519 64838
65501 64865
65498 64864
65492 64874
65477 64890
65470 64888
65470 64907
65444 64923
65432 64928
65423 64926
65417 64944
65408 64947
65398 64954
65385 64967
65383 64955
65361 64972
65352 64975
65340 64978
65327 64981
65312 64977
65307 64984
65294 64981
65274 64991
65262 65005
65246 64988
65255 64987
65223 64987
65205 64976
65181 64982
65172 64976
65157 64976
65150 64967
65107 64956
65090 64952
65062 64944
65036 64926
65012 64921
64977 64911
64958 64894
64907 64875
64876 64850
64851 64836
64794 64812
64748 64773
64692 64745
64618 64706
64567 64661
64480 64602
64393 64552
64292 64477
64158 64388
64017 64305
63833 64173
63604 64009
63313 63802
62921 63530
62359 63121
61506 62502
60056 61440
56981 59220
46230 51385
11862 56343
12925  9353
 7062  5091
 4861  3489
 3709  2651
 3003  2140
 2524  1796
 2165  1546
 1901  1357
 1692  1222
 1528  1102
 1390  1000
 1269   931
 1170   864
 1090   796
 1011   749
  947   712
  890   670
  840   649
  786   611
  745   590
  708   560
  668   550
  635   525
  600   511
  564   497
  551   476
  528   473
  499   453
  489   446
  463   450
  437   433
  421   417
  399   416
  379   418
  367   405
  350   400
  324   403
  313   394
  308   390
  286   389
  282   393
  262   381
  246   384
  235   391
  226   380
  210   392
  198   383
  195   376
  175   385
  172   388
  148   384
  133   386
  127   387
  113   388
   99   392
   91   395
   83   402
   61   403
   49   405
   44   410
   22   413
   11   415
65529   431
65518   437
65498   432
65480   446
65468   451
65455   449
65434   469
65414   473
65394   487
65375   504
65355   506
65336   524
65310   539
65284   546
65264   565
65234   581
65201   604
65166   630
65134   652
65095   675
65048   705
65008   741
64954   768
64899   803
64829   854
64760   911
64666   967
64572  1041
64451  1116
64323  1218
64150  1332
63941  1491
63676  1673
63327  1922
62838  2276
62129  2789
60973  3626
58779  5222
52898  9486
53825 56387
19657 51575
 8887 59393
 5809 61625
 4366 62679
 3498 63293
 2945 63705
 2548 63977
 2268 64197
 2027 64363
 1837 64492
 1698 64597
 1575 64692
 1467 64761
 1382 64828
 1305 64879
 1236 64928
 1174 64973
 1127 65009
 1070 65040
 1019 65078
  993 65101
  966 65112
  917 65151
  900 65169
  864 65185
  839 65198
  825 65224
  798 65237
  775 65249
  756 65264
  734 65279
  714 65286
  707 65301
  688 65311
  670 65329
  655 65334
  645 65335
  640 65341
  626 65354
  610 65357
  602 65367
  603 65379
  583 65383
  574 65386
  562 65389
  552 65390
  550 65403
  538 65404
  536 65409
  521 65421
  513 65413
  517 65424
  506 65427
  502 65428
  490 65435
  488 65437
  478 65443
  470 65442
  466 65458
  452 65451
  459 65457
  450 65453
  449 65463
  436 65465
  436 65465
  444 65469
  433 65474
  417 65477
  421 65475
  410 65480
  410 65481
  401 65484
  405 65491
  401 65486
  402 65494
  404 65495
  391 65497
  395 65496
  380 65506
  383 65496
  376 65504
  380 65503
  373 65506
  369 65512
  366 65509
  368 65513
  357 65516
  353 65517
  354 65523
  347 65516
  342 65525
  355 65522
  344 65523
  348 65526
  342 65528
  329 65521
  336 65527
  328 65534
  328 65529
  319 65534
  313 65533
  284 65531
  382    25
  333    12
  329     7
  320     8
  323    15
  312    17
  315    10
  314    10
  314    20
  313    14
  309    16
  311    14
  289    14
  312    17
  301    17
  296    24
  303    23
  289    22
  292    23
  289    27
  289    30
  289    28
  286    25
  287    27
  284    28
  279    33
  277    28
  276    26
  273    21
  270    22
  271    35
  270    39
  265    37
  274    31
  266    35
  257    39
  257    31
  267    35
  262    37
  270    45
  256    40
  267    37
  258    42
  260    45
  257    38
  246    43
  254    46
  249    47
  255    49
  249    40
  252    47
  244    47
  245    43
  248    53
  243    49
  251    53
  235    56
  242    58
  242    53
  244    46
  238    56
  243    49
  236    56
  231    55
  230    54
  230    58
  228    52
  233    62
  232    64
  233    50
  228    57
  225    62
  225    65
  221    65
  221    63
  224    61
  223    54
  232    63
  217    64
  215    63
  229    66
  216    75
  219    69
  212    74
  211    64
  221    62
  212    66
  208    68
  205    72
  208    71
  216    70
  206    65
  214    73
  212    65
  206    68
  210    70
  211    71
  206    70
  202    73
  200    75
  190    80
  195    73
  200   176
  205    70
  205    81
  195    70
  196    73
  204    80
  194    79
  191    73
  191    79
  193    81
  190    81
  197    85
  191    79
  192    83
  184    76
  192    78
  189    80
  194    86
  179    84
  184    81
  185    78
  190    83
  183    88
  184    88
  190    87
  176    84
  187    90
  185    94
  183    86
  175    93
  186    86
  173    79
  181    88
  179    82
  181    97
  175    93
  177    90
  167    98
  191   100
  170    89
  173    94
  181   104
  166   102
  170    94
  169    92
  175   100
  169    91
  175   105
  168    95
  177    92
  166    98
  164   100
  171    93
  168    94
  168    92
  172    99
  164    99
  161    93
  168    99
  168   103
  162    98
  165   104
  165    96
  163   102
  160   100
  162    94
  156   102
  160   110
  159   100
  152   110
  160    92
  152   101
  153   105
  161   115
  160   100
  149   110
  152   103
  159   106
  143   106
  156   101
  153   107
  155   111
  147   106
  146   108
  150   108
  159   112
  150   109
  146   105
  148   112
  151   112
  146   120
  146   113
  148   111
  141   123
  146   108
  150   116
  139   114
  139   111
  137   122
  137   121
  128   127
  121   123
   73   181
  192    57
  161    96
  154   112
  137    96
  144   105
  144   111
  145   113
  144   106
  148   119
  140   112
  147   114
  146   118
  142   117
  141   110
  137   118
  136   127
  130   122
  135   119
  136   114
  139   120
  138   119
  135   117
  130   121
  138   130
  125   114
  131   119
  125   116
  138   118
  133   118
  130   124
  138   117
  126   115
  130   117
  127   126
  130   125
  119   128
  127   125
  127   122
  121   122
  121   130
  124   117
  125   126
  125   123
  126   120
  134   126
  117   128
  124   134
  128   125
  128   125
  122   128
  123   136
  109   130
  122   135
  122   128
  119   123
  113   121
  115   116
  116   129
  118   136
  117   141
  122   133
  113   134
  120   133
  118   137
  122   137
  114   134
  113   135
  103   143
  105   132
  117   136
  114   144
  105   128
  116   139
  109   136
  110   138
  108   138
  112   140
  114   141
  103   127
  112   138
  115   133
  110   138
  101   144
  102   134
  114   139
  104   141
  102   136
   99   137
  108   140
  103   140
  100   145
  110   144
  101   149
  101   139
  108   145
  103   144
  103   142
  101   149
  108   146
   98   148
   97   152
   94   149
  122   123
   97   141
   96   137
   99   143
  103   137
  103   144
   90   150
   95   146
   95   141
   94   136
  102   150
   90   148
   91   145
   94   152
   94   148
   89   145
   85   146
  102   142
   96   143
   90   151
   95   152
   90   152
   98   146
   85   151
   86   149
   76   147
   83   154
   90   149
   79   145
   93   162
   89   158
   85   153
   87   157
   89   150
   87   162
   85   157
   84   162
   84   165
   77   160
   76   158
   84   159
   84   155
   84   159
   80   158
   83   157
   80   156
   84   158
   78   159
   81   160
   73   161
   70   156
   76   160
   77   158
   79   167
   73   164
   71   162
   83   169
   73   162
   77   171
   71   163
   76   164
   74   157
   75   159
   71   165
   76   167
   68   178
   76   174
   70   167
   61   165
   68   169
   62   173
   72   167
   65   168
   73   180
   70   162
   68   169
   60   170
   72   167
   74   167
   65   172
   64   170
   72   174
   63   167
   66   173
   64   175
   66   174
   61   169
   63   172
   72   177
   64   171
   56   173
   65   178
   73   188
   70   176
   67   171
   62   181
   61   180
   68   180
   63   183
   67   182
   73   196
   90   186
  263   219
    1   171
   37   169
   39   181
   42   179
   44   175
   45   181
   48   181
   48   189
   49   183
   45   180
   42   179
   35   192
   45   185
   48   186
   45   181
   36   192
   46   187
   37   185
   38   196
   43   192
   43   191
   32   200
   55   195
   38   185
   40   189
   39   194
   45   192
   40   187
   37   191
   38   196
   42   209
   44   196
   39   199
   38   199
   32   187
   25   202
   37   193
   42   193
   36   204
   30   201
   34   199
   33   201
   27   201
   42   206
   32   201
   30   194
   18   209
   30   210
   30   207
   29   201
   21   201
   33   198
   32   203
   18   212
   28   199
   16   201
   30   211
   28   202
   24   208
   24   215
   21   209
   28   205
   27   211
   22   211
   16   211
   30   213
   17   212
   15   221
   23   217
   16   218
   14   215
   15   220
   13   215
    9   212
   16   216
    8   217
   11   217
   11   220
   12   218
    7   212
   12   216
    0   219
    5   220
    5   222
    8   221
    2   231
    9   228
   15   227
    6   225
65533   226
    0   233
    3   220
65532   229
65534   226
65526   232
65521   235
65526   231
65526   224
65510   235
65505   234
65481   235
65398   231
  212   241
   69   242
   31   239
   16   238
   17   229
    0   255
    9   242
    8   244
    6   234
    5   248
    7   246
65531   260
65535   246
65528   237
65535   253
65528   250
    3   243
65529   262
65530   251
65529   245
65525   250
65525   254
65526   255
65509   251
65534   266
65529   253
65521   258
65516   260
65525   263
65516   266
65519   261
65514   265
65519   261
65516   269
65514   267
65515   267
65509   279
65517   275
65510   271
65510   277
65504   268
65511   273
65508   278
65504   285
65511   276
65506   277
65498   276
65505   281
65503   291
65505   288
65500   287
65500   287
65497   291
65506   291
65493   291
65497   303
65503   292
65492   296
65490   295
65492   296
65488   306
65495   303
65488   300
65489   297
65490   294
65482   298
65480   310
65491   316
65488   312
65475   310
65480   313
65471   312
65485   319
65473   319
65475   321
65478   319
65473   330
65470   319
65469   334
65471   335
65469   338
65468   321
65467   337
65468   340
65465   338
65465   338
65460   344
65454   342
65459   348
65450   355
65456   350
65452   355
65440   359
65454   351
65448   358
65452   358
65447   377
65452   372
65442   373
65440   369
65446   374
65435   391
65436 65200
